jt.Var([[[-0.41682363 -1.2056297   0.39853922 ... -1.6913757   0.34504074
          -0.05110701]
         [ 1.0516567   0.19558251 -0.39238676 ... -1.2806756   0.0213212
          -0.2202481 ]
         [ 0.14659983  1.027445    0.95245594 ... -1.527312    0.67537105
          -0.01015531]
         ...
         [-0.14941406  0.3330078  -0.00533676 ...  0.15783691 -0.70166016
          -0.00596237]
         [-0.19311523  0.40576172 -0.01756287 ...  0.01907349 -0.56591797
           0.09680176]
         [-0.25024414  0.01428223 -0.05734253 ... -0.08544922 -0.47753906
          -0.01406097]]
       
        [[-0.41682371 -1.20563     0.39853933 ... -1.6913761   0.3450408
          -0.05110702]
         [ 1.0516567   0.19558251 -0.39238676 ... -1.2806756   0.02132121
          -0.22024809]
         [ 0.14659977  1.0274446   0.9524557  ... -1.5273116   0.6753708
          -0.01015531]
         ...
         [-0.15234375  0.32641602 -0.0107193  ...  0.15148926 -0.6977539
           0.1352539 ]
         [-0.19189453  0.39794922 -0.06860352 ...  0.01687622 -0.55615234
           0.09423828]
         [-0.24768066  0.48657227 -0.05270386 ... -0.081604   -0.47583008
          -0.00635147]]
       
        [[-0.4168237  -1.2056298   0.39853927 ... -1.6913761   0.34504077
          -0.05110703]
         [ 1.0516568   0.19558251 -0.3923868  ... -1.2806758   0.0213212
          -0.22024812]
         [ 0.14659983  1.027445    0.9524559  ... -1.5273119   0.675371
          -0.0101553 ]
         ...
         [-0.1574707   0.31860352 -0.01907349 ...  0.14318848 -0.69873047
           0.12927246]
         [-0.19702148  0.40234375 -0.02314758 ...  0.0144577  -0.5708008
           0.09350586]
         [-0.25097656  0.47583008 -0.06008911 ... -0.08770752 -0.4753418
          -0.0158844 ]]
       
        [[-0.41682363 -1.2056297   0.39853922 ... -1.6913757   0.34504074
          -0.05110701]
         [ 1.0516567   0.19558251 -0.39238676 ... -1.2806756   0.02132121
          -0.22024809]
         [ 0.14659983  1.027445    0.9524559  ... -1.5273119   0.675371
          -0.0101553 ]
         ...
         [-0.15600586  0.3215332  -0.01644897 ...  0.14611816 -0.69970703
           0.13134766]
         [-0.1907959   0.40795898 -0.01424408 ... -0.04098511 -0.56347656
          -0.00568771]
         [-0.24633789  0.01622009 -0.05407715 ... -0.0826416  -0.46899414
          -0.01228333]]], dtype=float32)
